516
517
23262
23947
2
3
13
18
21
23
25
26
42
47
129
190
361
397
402
403
406
419
423
428
455
461
481
485
487
506
508
516
517
545
575
589
591
592
603
604
605
620
630
631
635
639
639
662
673
688
691
697
698
704
718
747
777
802
803
813
825
825
871
878
879
883
885
895
896
897
908
920
922
928
943
944
957
962
962
1105
1110
1161
1587
1655
1748
1753
1754
1809
1812
1825
1833
1842
1843
1883
1888
1896
1897
1906
1929
1949
1956
1957
1961
1964
1999
1999
2001
2001
2006
2007
2016
2019
2028
2030
2030
2036
2041
2053
2053
2062
2072
2085
2086
2122
2277
2451
2467
2470
2475
2475
2513
2556
2630
2712
2993
3318
3326
3336
3344
3353
3466
3468
3469
3469
3470
3477
3530
3535
3550
3577
3578
3579
3581
3693
3721
3848
3995
4064
4211
4215
4217
4219
4225
4256
4335
4347
4367
4418
4420
4425
4428
4437
4438
4447
4447
4467
4473
4473
4561
4565
4565
4567
4718
4733
4789
4794
4815
4822
4836
4909
5020
5023
5073
5083
5084
5087
5088
5089
5092
5093
5094
5095
5096
5097
5102
5103
5108
5110
5111
5112
5113
5113
5114
5115
5117
5123
5130
5152
5162
5223
5280
5305
5330
5449
5455
5482
5494
5498
5499
5500
5501
5508
5509
5513
5513
5562
5577
5606
5672
5683
5735
5737
5738
5739
5741
5742
5805
5929
5948
6074
6155
6157
6206
6237
6251
6287
6298
6300
6301
6331
6339
6340
6439
6465
6673
6681
6734
6800
6803
6834
6895
7047
7141
7240
7241
7258
7268
7375
7457
7477
7481
7492
7501
7502
7507
7523
7601
7618
7619
7623
7692
7698
7702
7723
7764
7764
7908
8049
8104
8223
8254
8258
8271
8286
8305
8437
8480
8601
8702
8866
8870
9118
9389
9463
9612
9653
9702
9840
9863
9997
10016
10035
10084
10126
10381
10523
10525
10625
10682
10713
10740
10888
10910
10930
10940
10997
10998
11005
11023
11121
11182
11240
11242
11270
11390
11462
11465
11598
11617
11646
11652
11685
11748
12018
12031
12056
12229
12282
12324
12422
12431
12441
12443
12498
12526
12557
12579
12641
12671
12686
12765
12769
12818
12818
12878
12908
12918
13037
13058
13061
13064
13178
13343
13599
13603
13664
13673
13756
13839
13870
13949
14052
14060
14094
14122
14252
14252
14281
14309
14329
14335
14529
14562
14591
14621
14627
14729
14763
14773
14781
14886
14914
14940
15014
15033
15137
15199
15227
15239
15242
15376
15379
15382
15419
15626
15744
15847
15941
15991
16077
16080
16081
16107
16132
16172
16278
16278
16321
16385
16531
16566
16737
16766
17829
17829
17835
17882
17886
18046
18104
18124
18126
18129
18131
18256
18398
18401
18401
18403
18403
18407
18419
18423
18434
18437
18440
18451
18451
18460
18461
18470
18476
18495
18511
18518
18521
18525
18543
18558
18571
18582
18583
18627
18687
18693
18706
18706
18717
18735
18752
18767
18771
18788
18791
18933
18947
18957
18964
18966
18974
18981
19109
19114
19129
20564
20992
21099
21101
21117
21124
21256
21273
21289
21322
21371
21572
22363
22408
22419
22426
22527
22596
22605
22640
22658
22922
22924
23083
23083
23135
23168
23262
23309
23363
23402
23431
23503
23517
23658
23751
23947
23953
23979
24199
24399
24413
24488
24562
25296
25297
25519
25890
25900
26124
26130
26316
26461
26883
26932
26940
26942
26977
26978
27055
27159
27163
27445
27447
27448
27449
27450
27453
27498
27598
28909
28913
29484
29487
29620
29757
29793
29861
30032
30063
30185
30566
30664
30664
31348
31363
31374
31377
31377
31418
31436
31446
31446
31615
31617
31620
31658
31663
32096
32097
32132
32229
32231
32231
32301
32307
32316
32365
32389
32444
32450
32463
32625
32715
32842
33840
33845
33848
33849
33943
33964
33977
33978
33999
34007
34017
34020
34031
34033
34046
34051
34052
34359
34362
34363
34460
34590
34621
34626
34643
34644
34652
34746
34776
34796
34804
34821
34836
34842
34844
35016
35017
35045
35678
35723
35771
36132
36299
36340
36340
36379
36391
36581
37070
37089
37146
37151
37244
37402
37823
37833
38185
38186
38255
38568
38728
38746
38767
38768
38773
39073
39167
39265
39342
39374
39565
39566
39567
39568
39571
39580
39583
39586
39587
39592
39593
39598
39630
39630
39660
39672
39710
39719
39765
39766
39767
39773
39774
39803
39837
40222
40277
40295
40557
40634
40983
41307
41315
41340
41415
41548
41606
41662
41664
41667
41693
41792
41988
42385
42431
42445
42551
42585
42714
42715
42721
42727
42739
42761
43046
43211
43275
43277
43460
43479
43715
43722
43822
43833
43890
43892
44212
44346
44610
44904
44905
45513
45706
45737
45737
45766
45769
45774
45779
45780
45974
45977
46040
46166
46217
46499
46618
46766
46782
46866
46873
46874
46932
46933
46936
46937
46939
46940
46942
46943
47285
47360
47437
47463
47791
47816
47882
47887
47896
47896
47936
48086
48102
48553
48592
48602
48889
48891
48895
48936
49055
49178
49186
49207
49384
49689
49834
50403
50411
50412
50415
50645
50886
50888
50903
50920
50921
50922
50923
50943
51063
51295
51404
51506
51540
51625
51677
52088
52187
52211
52214
52244
52433
52578
52579
52580
52680
52838
52936
53031
53115
53566
53567
53678
53708
53969
53971
54098
54348
54502
54927
55289
55298
55340
55383
55395
55618
55621
55685
55686
55686
55798
55799
55880
55898
56100
56175
56224
56262
56623
56623
56700
56807
56846
57024
57296
57461
57461
57482
57577
57781
57801
58125
58145
58279
58281
58451
58464
58556
58557
58558
58567
58729
59056
59087
59088
59358
59375
59392
59490
59502
59503
59507
59510
59630
59913
59916
59925
59928
59963
59964
59970
61074
61116
61585
61635
61760
61817
61865
61886
61889
61890
62118
62136
62279
62355
62493
62547
62576
62894
63390
63574
63577
63590
63593
63674
63818
63819
63828
63913
64006
64009
64223
64251
64356
64357
64666
64902
64903
64977
64978
64991
64993
64995
65149
65158
65525
66010
66025
66226
66227
66618
66627
66900
66901
67021
67062
67301
67315
67320
67322
67355
67615
67619
67620
67657
67658
67658
67663
67665
67672
67674
67689
67690
67691
67785
67815
67823
67925
68000
68061
68063
68070
68072
68249
68438
68596
68619
68632
68683
68703
68714
68715
68812
69099
69100
69101
69148
69267
69268
69270
69336
69338
69409
69432
69435
69599
69607
69644
69798
69882
69891
69908
70054
70057
70058
70059
70060
70061
70063
70069
70098
70102
70227
70317
70508
70527
70528
70598
70603
70956
70964
71017
71031
71096
71097
71100
71103
71104
71106
71109
71138
71149
71266
71281
71327
71598
71630
71684
71778
71820
71890
71913
72036
72054
72060
72108
72237
72241
72288
72347
72350
72489
72538
72546
72561
72603
72790
72841
72842
72885
72959
73005
73118
73260
73264
73706
73728
73775
73871
74258
74259
74271
74282
74283
74292
74343
74990
75012
75356
75720
76028
76031
76031
76479
76505
77004
77338
77382
77457
77593
77749
77930
77932
77933
77933
77943
78003
78009
78063
78444
78477
78662
78665
78694
78748
78814
78962
78992
79001
79051
79232
79338
79368
79424
79462
79827
79831
79888
79888
79952
79966
79973
79975
80108
80190
80198
80224
80811
80840
80861
81229
81281
81282
81296
81310
81319
81598
81731
81733
81735
82075
82177
82852
82902
82903
82904
82910
82915
83301
83390
83595
83720
83961
83963
83964
83965
83966
83969
83972
84389
84781
84876
84964
84966
85157
85180
85343
85356
85476
85529
85698
85723
85724
85734
85738
85739
85751
85784
85826
86202
86426
86454
86456
86598
86732
86742
86755
87268
88364
88412
88446
88449
88451
88633
88856
88927
88970
89259
89453
89485
89499
89509
89624
89663
89669
89672
89897
89902
90005
90015
90070
90071
90077
90283
90297
90429
90502
90605
90725
90757
91010
91010
91013
91029
91222
91230
91265
91410
91938
91953
91998
92002
92381
92438
92464
92471
92480
92783
92784
92786
92831
93339
93382
93410
94824
94844
95062
95366
95431
95432
97155
97172
97208
97566
97581
97596
97597
97643
97671
97675
97677
97736
97785
97786
98371
98390
98513
98546
98584
98677
99878
99953
99955
99960
99975
100008
100037
100051
100200
100455
100481
100963
101267
101270
101374
101700
101701
101734
101735
101942
102096
102103
102171
102254
102309
102338
102470
102578
102678
102795
102816
102827
103185
103259
103261
103636
103994
104333
104822
104940
105441
105654
105772
105809
105858
105863
105866
106085
106453
106454
106457
106462
106591
106625
106639
106654
106657
106729
107198
107556
107558
107691
107696
107772
108284
108496
108539
108542
108565
108725
108728
108730
108746
108825
108834
108853
108986
108989
110850
110892
111164
111434
111893
112362
112422
112426
112868
113010
113181
113187
113351
113361
114284
114293
114294
114299
114413
114582
114626
114680
114719
114750
115180
115333
115471
115902
115964
116088
116187
116758
116759
117235
117482
117525
117776
117986
120001
120631
120632
120649
120918
121399
122846
124031
124032
124065
124066
124068
124069
124073
124075
124076
124077
124078
124079
124080
124081
124082
124083
124088
124097
124099
124105
124109
124111
124114
124117
124120
124130
124132
124135
124136
124138
124140
124148
124149
124158
124162
124168
124169
124172
124173
125484
125496
125569
125612
126852
126853
128910
128914
128917
128925
128928
128941
128943
129051
129061
129063
129075
129079
129088
129428
129430
129434
129442
129445
131929
131930
131934
131937
131947
131952
131953
131954
131961
131962
131966
131968
131985
132000
132006
132023
132242
132250
132260
132262
132267
132273
132276
132279
132282
132284
132293
132307
132322
132323
132329
132336
132337
132344
135511
135521
135540
135561
135567
135572
135574
135608
135619
135621
135628
135629
135630
136760
136779
136829
136878
136879
136882
136886